# AFGL atmospheric constituent profile. U.S. standard atmosphere 1976. ( AFGL-TR-86-0110)       
#     z(km)      p(mb)        T(K)    air(cm-3)    o3(cm-3)     o2(cm-3)    h2o(cm-3)    co2(cm-3)     no2(cm-3)
      4.000   616.59998     262.200 1.703267E+19 5.771448E+11 3.561360E+18 3.677232E+16 5.623200E+15 3.919200E+08
      3.000   701.20001     268.700 1.890105E+19 6.274337E+11 3.952190E+18 6.017162E+16 6.240300E+15 4.349300E+08
      2.000   795.00000     275.200 2.092331E+19 6.778279E+11 4.376460E+18 9.697315E+16 6.910200E+15 4.816201E+08
      1.000   898.79999     281.700 2.310936E+19 6.779402E+11 4.834170E+18 1.404222E+17 7.632900E+15 5.319900E+08
      0.000  1013.00000     288.200 2.545818E+19 6.777680E+11 5.325320E+18 1.973426E+17 8.408400E+15 5.860400E+08
      3.000   701.20001     268.700 1.890105E+19 6.274337E+11 3.952190E+18 6.017162E+16 6.240300E+15 4.349300E+08
      2.000   795.00000     275.200 2.092331E+19 6.778279E+11 4.376460E+18 9.697315E+16 6.910200E+15 4.816201E+08
      1.000   898.79999     281.700 2.310936E+19 6.779402E+11 4.834170E+18 1.404222E+17 7.632900E+15 5.319900E+08
      0.000  1013.00000     288.200 2.545818E+19 6.777680E+11 5.325320E+18 1.973426E+17 8.408400E+15 5.860400E+08
      2.000   795.00000     275.200 2.092331E+19 6.778279E+11 4.376460E+18 9.697315E+16 6.910200E+15 4.816201E+08
      1.000   898.79999     281.700 2.310936E+19 6.779402E+11 4.834170E+18 1.404222E+17 7.632900E+15 5.319900E+08
      0.000  1013.00000     288.200 2.545818E+19 6.777680E+11 5.325320E+18 1.973426E+17 8.408400E+15 5.860400E+08
      1.000   898.79999     281.700 2.310936E+19 6.779402E+11 4.834170E+18 1.404222E+17 7.632900E+15 5.319900E+08
      0.000  1013.00000     288.200 2.545818E+19 6.777680E+11 5.325320E+18 1.973426E+17 8.408400E+15 5.860400E+08
      0.000  1013.00000     288.200 2.545818E+19 6.777680E+11 5.325320E+18 1.973426E+17 8.408400E+15 5.860400E+08