#    AFGL    atmospheric    constituent    profile.    subarctic    winter.    (    AFGL-TR-86-0110)
#    z(km)    p(mb)    T(K)    air(cm-3)    o3(cm-3)    o2(cm-3)    h2o(cm-3)    co2(cm-3)    no2(cm-3)
10.000    241.80000    217.200    8.06321643316e+18    2.420700E+12    1.686421E+18    1.613800E+14    2.662770E+15    1.920422E+08
9.000    282.89999    217.200    9.43376281352e+18    1.982400E+12    1.972960E+18    2.809344E+14    3.115200E+15    2.190080E+08
8.000    330.79999    220.600    1.08610502082e+19    1.130480E+12    2.271830E+18    3.678408E+14    3.587100E+15    2.500100E+08
7.000    385.29999    227.300    1.22775413e+19    8.912709E+11    2.568610E+18    1.806630E+15    4.055700E+15    2.826700E+08
6.000    446.70001    234.100    1.38205838505e+19    6.148818E+11    2.890470E+18    3.276327E+15    4.563900E+15    3.180900E+08
5.000    515.79999    240.900    1.55080206661e+19    5.899152E+11    3.243680E+18    6.687568E+15    5.121600E+15    3.569600E+08
4.000    593.20001    247.700    1.73455064499e+19    5.647208E+11    3.628240E+18    1.371093E+16    5.728800E+15    3.992800E+08
3.000    679.79999    252.700    1.94844321637e+19    5.395650E+11    4.075500E+18    2.273700E+16    6.435000E+15    4.485000E+08
2.000    777.50000    255.900    2.2006042811e+19    5.143872E+11    4.602180E+18    3.142254E+16    7.266600E+15    5.064600E+08
1.000    887.79999    259.100    2.48175876572e+19    5.146847E+11    5.191560E+18    4.011660E+16    8.197200E+15    5.713200E+08
0.000    1013.00000    257.200    2.85266203835e+19    5.144710E+11    5.966950E+18    4.011275E+16    9.421500E+15    6.566500E+08