3000.0 1
3010.0 1
3020.0 1
3030.0 1
3040.0 1
3050.0 1
3060.0 1
3070.0 1
3080.0 1
3090.0 1
3100.0 1
3110.0 1
3120.0 1
3130.0 1
3140.0 1
3150.0 1
3160.0 1
3170.0 1
3180.0 1
3190.0 1
3200.0 1
3210.0 1
3220.0 1
3230.0 1
3240.0 1
3250.0 1
3260.0 1
3270.0 1
3280.0 1
3290.0 1
3300.0 1
3310.0 1
3320.0 1
3330.0 1
3340.0 1
3350.0 1
3360.0 1
3370.0 1
3380.0 1
3390.0 1
3400.0 1
3410.0 1
3420.0 1
3430.0 1
3440.0 1
3450.0 1
3460.0 1
3470.0 1
3480.0 1
3490.0 1
3500.0 1
3510.0 1
3520.0 1
3530.0 1
3540.0 1
3550.0 1
3560.0 1
3570.0 1
3580.0 1
3590.0 1
3600.0 1
3610.0 1
3620.0 1
3630.0 1
3640.0 1
3650.0 1
3660.0 1
3670.0 1
3680.0 1
3690.0 1
3700.0 1
3710.0 1
3720.0 1
3730.0 1
3740.0 1
3750.0 1
3760.0 1
3770.0 1
3780.0 1
3790.0 1
3800.0 1
3810.0 1
3820.0 1
3830.0 1
3840.0 1
3850.0 1
3860.0 1
3870.0 1
3880.0 1
3890.0 1
3900.0 1
3910.0 1
3920.0 1
3930.0 1
3940.0 1
3950.0 1
3960.0 1
3970.0 1
3980.0 1
3990.0 1
4000.0 1
4010.0 1
4020.0 1
4030.0 1
4040.0 1
4050.0 1
4060.0 1
4070.0 1
4080.0 1
4090.0 1
4100.0 1
4110.0 1
4120.0 1
4130.0 1
4140.0 1
4150.0 1
4160.0 1
4170.0 1
4180.0 1
4190.0 1
4200.0 1
4210.0 1
4220.0 1
4230.0 1
4240.0 1
4250.0 1
4260.0 1
4270.0 1
4280.0 1
4290.0 1
4300.0 1
4310.0 1
4320.0 1
4330.0 1
4340.0 1
4350.0 1
4360.0 1
4370.0 1
4380.0 1
4390.0 1
4400.0 1
4410.0 1
4420.0 1
4430.0 1
4440.0 1
4450.0 1
4460.0 1
4470.0 1
4480.0 1
4490.0 1
4500.0 1
4510.0 1
4520.0 1
4530.0 1
4540.0 1
4550.0 1
4560.0 1
4570.0 1
4580.0 1
4590.0 1
4600.0 1
4610.0 1
4620.0 1
4630.0 1
4640.0 1
4650.0 1
4660.0 1
4670.0 1
4680.0 1
4690.0 1
4700.0 1
4710.0 1
4720.0 1
4730.0 1
4740.0 1
4750.0 1
4760.0 1
4770.0 1
4780.0 1
4790.0 1
4800.0 1
4810.0 1
4820.0 1
4830.0 1
4840.0 1
4850.0 1
4860.0 1
4870.0 1
4880.0 1
4890.0 1
4900.0 1
4910.0 1
4920.0 1
4930.0 1
4940.0 1
4950.0 1
4960.0 1
4970.0 1
4980.0 1
4990.0 1
5000.0 1