 3505.721  1.770369e+01  1.779689e-15  4.744635e-04  1.419460e+00 
 3524.254  1.749806e+01  1.409990e-15  4.631912e-04  1.402972e+00 
 3542.983  1.733883e+01 -1.100167e-14  4.124538e-04  1.390199e+00 
 3561.913  1.710994e+01  2.213046e-14  4.172584e-04  1.371849e+00 
 3581.046  1.701335e+01 -5.830701e-16  3.897607e-04  1.364100e+00 
 3600.386  1.688055e+01 -4.574609e-16  3.962271e-04  1.353455e+00 
 3619.936  1.668954e+01 -8.431182e-16  3.944071e-04  1.338140e+00 
 3639.699  1.657626e+01  2.176660e-16  3.855610e-04  1.329056e+00 
 3659.680  1.611269e+01  1.330910e-15  3.741548e-04  1.291888e+00 
 3679.881  1.602258e+01  4.430541e-15  3.499642e-04  1.284660e+00 
 3700.306  1.559876e+01  2.694415e-15  3.495844e-04  1.250680e+00 
 3720.959  1.561793e+01  0.000000e+00  3.400477e-04  1.252216e+00 
 3741.844  1.517842e+01 -1.781183e-15  3.230596e-04  1.216975e+00 
 3762.965  1.537308e+01 -1.362472e-15  3.184615e-04  1.232582e+00 
 3784.326  1.519298e+01 -9.703570e-15  3.065806e-04  1.218141e+00 
 3805.930  1.515158e+01 -8.993627e-15  2.991252e-04  1.214820e+00 
 3827.783  1.499759e+01 -4.142626e-15  2.908931e-04  1.202474e+00 
 3849.888  1.483284e+01 -2.823376e-15  2.744737e-04  1.189262e+00 
 3872.250  1.473057e+01  3.913210e-16  2.362787e-04  1.181057e+00 
 3894.873  1.446884e+01  7.588726e-16  2.315573e-04  1.160073e+00 
 3917.761  1.438827e+01  1.165889e-15  2.178946e-04  1.153611e+00 
 3940.921  1.421459e+01  5.924511e-15  2.245959e-04  1.139687e+00 
 3964.356  1.402239e+01  2.226626e-15  2.257318e-04  1.124277e+00 
 3988.072  1.384314e+01  4.747396e-15  2.143636e-04  1.109905e+00 
 4012.073  1.368743e+01  5.856782e-16  1.990799e-04  1.097418e+00 
 4036.364  1.336043e+01  6.252237e-17  1.772815e-04  1.071198e+00 
 4060.951  1.307955e+01 -5.836974e-16  1.631954e-04  1.048677e+00 
 4085.840  1.332549e+01  2.580564e-15  1.473299e-04  1.068393e+00 
 4111.036  1.320361e+01  8.346328e-16  1.358264e-04  1.058619e+00 
 4136.544  1.296664e+01 -5.786434e-16  1.204850e-04  1.039618e+00 
 4162.372  1.288960e+01 -1.469243e-15  1.002035e-04  1.033439e+00 
 4188.523  1.278069e+01  9.833814e-16  3.927076e-05  1.024698e+00 
 4215.005  1.263754e+01  2.688630e-15  2.823104e-06  1.013216e+00 
 4241.825  1.259361e+01  0.000000e+00  1.190725e-06  1.009694e+00 
 4268.987  1.225935e+01  0.000000e+00  1.308714e-06  9.828943e-01 
 4296.500  1.221660e+01  0.000000e+00  1.494350e-06  9.794672e-01 
 4324.370  1.153197e+01  0.000000e+00  3.257472e-06  9.245771e-01 
 4352.604  1.134497e+01  0.000000e+00  5.612162e-06  9.095849e-01 
 4381.208  9.853283e+00  0.000000e+00  9.996018e-06  7.899891e-01 
 4410.191  9.393229e+00  0.000000e+00  1.067714e-05  7.531044e-01 
 4439.561  9.936180e+00 -1.948000e-15  1.726730e-05  7.966364e-01 
 4469.324  9.418230e+00  4.246131e-16  1.967194e-05  7.551101e-01 
 4499.489  9.686854e+00  8.133501e-16  3.220801e-05  7.766491e-01 
 4530.063  9.552884e+00  6.618255e-16  3.031304e-05  7.659075e-01 
 4561.057  9.255692e+00 -1.921792e-16  4.454233e-05  7.420819e-01 
 4592.477  9.981443e+00 -1.398944e-15  6.660362e-05  8.002722e-01 
 4624.333  9.678005e+00 -7.733501e-17  7.660547e-05  7.759455e-01 
 4656.634  9.595057e+00 -2.774500e-16  7.941348e-05  7.692956e-01 
 4689.390  9.223330e+00  1.392962e-16  6.443193e-05  7.394904e-01 
 4722.609  9.686596e+00 -4.102440e-17  4.792516e-05  7.766303e-01 
 4756.303  9.426023e+00 -3.467496e-17  4.831416e-05  7.557387e-01 
 4790.481  9.559314e+00 -1.157230e-16  4.711956e-05  7.664255e-01 
 4825.154  9.485057e+00  5.999849e-16  4.255822e-05  7.604712e-01 
 4860.332  9.112548e+00  2.270716e-16  4.846636e-05  7.306060e-01 
 4896.027  9.072202e+00  1.412322e-16  5.319854e-05  7.273719e-01 
 4932.250  9.028629e+00  1.120338e-15  5.757640e-05  7.238790e-01 
 4969.013  8.755803e+00 -7.409805e-17  4.951215e-05  7.020041e-01 
 5006.329  8.621442e+00 -3.016249e-16  4.711697e-05  6.912313e-01 
