3000.0 1
3026.0 1
3052.0 1
3078.0 1
3104.0 1
3130.0 1
3156.0 1
3182.0 1
3208.0 1
3234.0 1
3260.0 1
3286.0 1
3312.0 1
3338.0 1
3364.0 1
3390.0 1
3416.0 1
3442.0 1
3468.0 1
3494.0 1
3520.0 1
3546.0 1
3572.0 1
3598.0 1
3624.0 1
3650.0 1
3676.0 1
3702.0 1
3728.0 1
3754.0 1
3780.0 1
3806.0 1
3832.0 1
3858.0 1
3884.0 1
3910.0 1
3936.0 1
3962.0 1
3988.0 1
4014.0 1
4040.0 1
4066.0 1
4092.0 1
4118.0 1
4144.0 1
4170.0 1
4196.0 1
4222.0 1
4248.0 1
4274.0 1
4300.0 1
4326.0 1
4352.0 1
4378.0 1
4404.0 1
4430.0 1
4456.0 1
4482.0 1
4508.0 1
4534.0 1
4560.0 1
4586.0 1
4612.0 1
4638.0 1
4664.0 1
4690.0 1
4716.0 1
4742.0 1
4768.0 1
4794.0 1
4820.0 1
4846.0 1
4872.0 1
4898.0 1
4924.0 1
4950.0 1
4976.0 1