# AFGL atmospheric constituent profile. midlatitude summer. ( AFGL-TR-86-0110)       
#     z(km)      p(mb)        T(K)    air(cm-3)    o3(cm-3)     o2(cm-3)    h2o(cm-3)    co2(cm-3)     no2(cm-3)
     17.000    95.00000     215.700 3.189961E+18 2.234400E+12 6.671280E+17 1.021440E+13 1.053360E+15 1.656648E+09
     16.000   111.00000     215.700 3.727217E+18 2.238000E+12 7.795700E+17 1.230900E+13 1.230900E+15 1.189870E+09
     15.000   130.00000     215.700 4.365209E+18 2.184000E+12 9.129120E+17 1.485120E+13 1.441440E+15 7.469280E+08
     14.000   153.00000     215.700 5.137515E+18 2.262040E+12 1.074469E+18 2.570500E+13 1.696530E+15 3.845468E+08
     13.000   179.00000     215.800 6.007772E+18 1.803600E+12 1.256508E+18 4.809600E+13 1.983960E+15 2.675340E+08
     12.000   209.00000     222.300 6.809554E+18 1.519522E+12 1.424126E+18 2.006042E+14 2.248620E+15 2.146410E+08
     11.000   243.00000     228.800 7.692404E+18 1.380251E+12 1.608882E+18 7.356209E+14 2.540340E+15 2.016876E+08
     10.000   281.00000     235.300 8.649604E+18 1.128742E+12 1.809104E+18 2.139763E+15 2.856480E+15 2.060128E+08
      9.000   324.00000     241.700 9.709126E+18 1.079448E+12 2.030644E+18 4.011736E+15 3.206280E+15 2.254112E+08
      8.000   372.00000     248.200 1.085558E+19 9.910836E+11 2.269740E+18 7.019904E+15 3.583800E+15 2.497800E+08
      7.000   426.00000     254.700 1.211414E+19 9.409968E+11 2.533080E+18 1.236240E+16 3.999600E+15 2.787600E+08
      6.000   487.00000     261.200 1.350416E+19 8.657207E+11 2.823590E+18 2.040010E+16 4.458300E+15 3.107300E+08
      5.000   554.00000     267.200 1.501707E+19 8.284536E+11 3.141270E+18 3.344175E+16 4.959900E+15 3.456900E+08
      4.000   628.00000     273.200 1.664910E+19 8.031786E+11 3.481940E+18 6.352458E+16 5.497800E+15 3.831800E+08
      3.000   710.00000     279.200 1.841852E+19 7.781146E+11 3.851870E+18 1.102851E+17 6.081900E+15 4.238900E+08
      2.000   802.00000     285.200 2.036745E+19 7.528372E+11 4.259420E+18 1.972784E+17 6.725400E+15 4.687400E+08
      1.000   902.00000     289.700 2.255121E+19 7.531609E+11 4.717130E+18 3.110146E+17 7.448100E+15 5.191100E+08
      0.000  1013.00000     294.200 2.493898E+19 7.530432E+11 5.216640E+18 4.682496E+17 8.236800E+15 5.740800E+08